0.50000 1 0.69962 0.91826 0.03973 0.01000 0.00000 0.00000 0.01000 0 0.00000 0.00000 
0.50000 2 0.96404 0.60654 0.60395 0.01000 0.00000 0.00000 0.01000 1 -0.02612 3.02603 
0.50000 3 0.33613 0.02169 0.77115 0.00800 0.00000 0.00000 0.00800 0 0.00000 0.00000 
0.50000 1 0.69962 0.91826 0.03973 0.01000 0.00000 0.00000 0.01000 0 0.00000 0.00000 
0.50000 2 0.96404 0.60654 0.60395 0.01000 0.00000 0.00000 0.01000 1 0.41269 3.07247 
0.50000 3 0.33613 0.02169 0.77115 0.00800 0.00000 0.00000 0.00800 1 0.02341 1.05575 
0.50000 1 0.69962 0.91826 0.03973 0.01000 0.00000 0.00000 0.01000 1 -0.02201 6.89428 
0.50000 2 0.96404 0.60654 0.60395 0.01000 0.00000 0.00000 0.01000 1 0.47916 3.07803 
0.50000 3 0.33613 0.02169 0.77115 0.00800 0.00000 0.00000 0.00800 1 0.61757 1.18839 
0.50000 1 0.69962 0.91826 0.03973 0.01000 0.00000 0.00000 0.01000 1 0.55835 6.83486 
0.50000 2 0.96404 0.60654 0.60395 0.01000 0.00000 0.00000 0.01000 0 0.00000 0.00000 
0.50000 3 0.33613 0.02169 0.77115 0.00800 0.00000 0.00000 0.00800 1 0.99323 1.40293 
0.50000 1 0.69962 0.91826 0.03973 0.01000 0.00000 0.00000 0.01000 1 0.85602 6.77589 
0.50000 2 0.96404 0.60654 0.60395 0.01000 0.00000 0.00000 0.01000 0 0.00000 0.00000 
0.50000 3 0.33613 0.02169 0.77115 0.00800 0.00000 0.00000 0.00800 0 0.00000 0.00000 
0.50000 1 0.69962 0.91826 0.03973 0.01000 0.00000 0.00000 0.01000 1 1.31258 6.67358 
0.50000 2 0.96404 0.60654 0.60395 0.01000 0.00000 0.00000 0.01000 1 2.12839 3.22571 
0.50000 3 0.33613 0.02169 0.77115 0.00800 0.00000 0.00000 0.00800 1 1.85838 1.67298 
0.50000 1 0.69962 0.91826 0.03973 0.01000 0.00000 0.00000 0.01000 0 0.00000 0.00000 
0.50000 2 0.96404 0.60654 0.60395 0.01000 0.00000 0.00000 0.01000 0 0.00000 0.00000 
0.50000 3 0.33613 0.02169 0.77115 0.00800 0.00000 0.00000 0.00800 0 0.00000 0.00000 
0.50000 1 0.69962 0.91826 0.03973 0.01000 0.00000 0.00000 0.01000 1 2.28081 6.31886 
0.50000 2 0.96404 0.60654 0.60395 0.01000 0.00000 0.00000 0.01000 1 2.72495 3.32522 
0.50000 3 0.33613 0.02169 0.77115 0.00800 0.00000 0.00000 0.00800 0 0.00000 0.00000 
0.50000 1 0.69962 0.91826 0.03973 0.01000 0.00000 0.00000 0.01000 1 2.54104 6.34331 
0.50000 2 0.96404 0.60654 0.60395 0.01000 0.00000 0.00000 0.01000 1 3.16656 3.31628 
0.50000 3 0.33613 0.02169 0.77115 0.00800 0.00000 0.00000 0.00800 1 3.13247 2.37077 
0.50000 1 0.69962 0.91826 0.03973 0.01000 0.00000 0.00000 0.01000 1 3.22280 6.36915 
0.50000 2 0.96404 0.60654 0.60395 0.01000 0.00000 0.00000 0.01000 1 3.60710 3.78841 
0.50000 3 0.33613 0.02169 0.77115 0.00800 0.00000 0.00000 0.00800 0 0.00000 0.00000 
0.50000 1 0.69962 0.91826 0.03973 0.01000 0.00000 0.00000 0.01000 1 3.71661 6.35769 
0.50000 2 0.96404 0.60654 0.60395 0.01000 0.00000 0.00000 0.01000 0 0.00000 0.00000 
0.50000 3 0.33613 0.02169 0.77115 0.00800 0.00000 0.00000 0.00800 0 0.00000 0.00000 
0.50000 1 0.69962 0.91826 0.03973 0.01000 0.00000 0.00000 0.01000 1 3.93998 6.39652 
0.50000 2 0.96404 0.60654 0.60395 0.01000 0.00000 0.00000 0.01000 0 0.00000 0.00000 
0.50000 3 0.33613 0.02169 0.77115 0.00800 0.00000 0.00000 0.00800 1 4.70786 3.20388 
0.50000 1 0.69962 0.91826 0.03973 0.01000 0.00000 0.00000 0.01000 1 4.24644 6.40784 
0.50000 2 0.96404 0.60654 0.60395 0.01000 0.00000 0.00000 0.01000 1 4.78304 3.95958 
0.50000 3 0.33613 0.02169 0.77115 0.00800 0.00000 0.00000 0.00800 1 4.89847 3.32034 
0.50000 1 0.69962 0.91826 0.03973 0.01000 0.00000 0.00000 0.01000 1 4.89491 6.30380 
0.50000 2 0.96404 0.60654 0.60395 0.01000 0.00000 0.00000 0.01000 1 5.01732 3.83479 
0.50000 3 0.33613 0.02169 0.77115 0.00800 0.00000 0.00000 0.00800 1 5.47742 3.71500 
0.50000 1 0.69962 0.91826 0.03973 0.01000 0.00000 0.00000 0.01000 1 5.31214 6.50863 
0.50000 2 0.96404 0.60654 0.60395 0.01000 0.00000 0.00000 0.01000 1 5.59273 4.18536 
0.50000 3 0.33613 0.02169 0.77115 0.00800 0.00000 0.00000 0.00800 0 0.00000 0.00000 
0.50000 1 0.69962 0.91826 0.03973 0.01000 0.00000 0.00000 0.01000 1 5.73795 6.52013 
0.50000 2 0.96404 0.60654 0.60395 0.01000 0.00000 0.00000 0.01000 1 5.95865 4.33194 
0.50000 3 0.33613 0.02169 0.77115 0.00800 0.00000 0.00000 0.00800 1 6.24189 4.13101 
0.50000 1 0.69962 0.91826 0.03973 0.01000 0.00000 0.00000 0.01000 1 6.19914 6.60703 
0.50000 2 0.96404 0.60654 0.60395 0.01000 0.00000 0.00000 0.01000 1 6.12074 4.39765 
0.50000 3 0.33613 0.02169 0.77115 0.00800 0.00000 0.00000 0.00800 0 0.00000 0.00000 
0.50000 1 0.69962 0.91826 0.03973 0.01000 0.00000 0.00000 0.01000 1 6.80141 6.42233 
0.50000 2 0.96404 0.60654 0.60395 0.01000 0.00000 0.00000 0.01000 1 6.58576 4.68714 
0.50000 3 0.33613 0.02169 0.77115 0.00800 0.00000 0.00000 0.00800 1 7.35912 4.43794 
0.50000 1 0.69962 0.91826 0.03973 0.01000 0.00000 0.00000 0.01000 1 7.22585 6.35871 
0.50000 2 0.96404 0.60654 0.60395 0.01000 0.00000 0.00000 0.01000 1 6.83054 4.81425 
0.50000 3 0.33613 0.02169 0.77115 0.00800 0.00000 0.00000 0.00800 0 0.00000 0.00000 
0.50000 1 0.69962 0.91826 0.03973 0.01000 0.00000 0.00000 0.01000 1 7.60111 6.28888 
0.50000 2 0.96404 0.60654 0.60395 0.01000 0.00000 0.00000 0.01000 0 0.00000 0.00000 
0.50000 3 0.33613 0.02169 0.77115 0.00800 0.00000 0.00000 0.00800 0 0.00000 0.00000 
0.50000 1 0.69962 0.91826 0.03973 0.01000 0.00000 0.00000 0.01000 1 8.10610 6.39517 
0.50000 2 0.96404 0.60654 0.60395 0.01000 0.00000 0.00000 0.01000 0 0.00000 0.00000 
0.50000 3 0.33613 0.02169 0.77115 0.00800 0.00000 0.00000 0.00800 1 8.92874 4.57324 
0.50000 1 0.69962 0.91826 0.03973 0.01000 0.00000 0.00000 0.01000 1 8.54335 6.29732 
0.50000 2 0.96404 0.60654 0.60395 0.01000 0.00000 0.00000 0.01000 1 7.99304 5.46321 
0.50000 3 0.33613 0.02169 0.77115 0.00800 0.00000 0.00000 0.00800 1 9.21124 4.62148 
0.50000 1 0.69962 0.91826 0.03973 0.01000 0.00000 0.00000 0.01000 1 9.01692 6.28900 
0.50000 2 0.96404 0.60654 0.60395 0.01000 0.00000 0.00000 0.01000 1 8.45047 5.59115 
0.50000 3 0.33613 0.02169 0.77115 0.00800 0.00000 0.00000 0.00800 1 9.71429 4.79978 
0.50000 1 0.69962 0.91826 0.03973 0.01000 0.00000 0.00000 0.01000 1 9.28915 6.29375 
0.50000 2 0.96404 0.60654 0.60395 0.01000 0.00000 0.00000 0.01000 1 8.71298 5.65420 
0.50000 3 0.33613 0.02169 0.77115 0.00800 0.00000 0.00000 0.00800 1 10.09764 4.67370 
0.50000 1 0.69962 0.91826 0.03973 0.01000 0.00000 0.00000 0.01000 0 0.00000 0.00000 
0.50000 2 0.96404 0.60654 0.60395 0.01000 0.00000 0.00000 0.01000 0 0.00000 0.00000 
0.50000 3 0.33613 0.02169 0.77115 0.00800 0.00000 0.00000 0.00800 1 10.65424 4.77601 
0.50000 1 0.69962 0.91826 0.03973 0.01000 0.00000 0.00000 0.01000 1 10.13176 6.43510 
0.50000 2 0.96404 0.60654 0.60395 0.01000 0.00000 0.00000 0.01000 1 9.31587 5.93744 
0.50000 3 0.33613 0.02169 0.77115 0.00800 0.00000 0.00000 0.00800 1 11.05783 4.85928 
0.50000 1 0.69962 0.91826 0.03973 0.01000 0.00000 0.00000 0.01000 1 10.84755 6.34317 
0.50000 2 0.96404 0.60654 0.60395 0.01000 0.00000 0.00000 0.01000 1 9.76998 5.99420 
0.50000 3 0.33613 0.02169 0.77115 0.00800 0.00000 0.00000 0.00800 0 0.00000 0.00000 
0.50000 1 0.69962 0.91826 0.03973 0.01000 0.00000 0.00000 0.01000 1 11.20543 6.41755 
0.50000 2 0.96404 0.60654 0.60395 0.01000 0.00000 0.00000 0.01000 1 10.17222 6.11379 
0.50000 3 0.33613 0.02169 0.77115 0.00800 0.00000 0.00000 0.00800 1 12.08815 4.88493 
0.50000 1 0.69962 0.91826 0.03973 0.01000 0.00000 0.00000 0.01000 0 0.00000 0.00000 
0.50000 2 0.96404 0.60654 0.60395 0.01000 0.00000 0.00000 0.01000 0 0.00000 0.00000 
0.50000 3 0.33613 0.02169 0.77115 0.00800 0.00000 0.00000 0.00800 1 12.81925 4.77911 
0.50000 1 0.69962 0.91826 0.03973 0.01000 0.00000 0.00000 0.01000 0 0.00000 0.00000 
0.50000 2 0.96404 0.60654 0.60395 0.01000 0.00000 0.00000 0.01000 1 11.11707 6.43791 
0.50000 3 0.33613 0.02169 0.77115 0.00800 0.00000 0.00000 0.00800 1 13.21211 4.87037 
0.50000 1 0.69962 0.91826 0.03973 0.01000 0.00000 0.00000 0.01000 1 12.61123 6.33082 
0.50000 2 0.96404 0.60654 0.60395 0.01000 0.00000 0.00000 0.01000 1 11.51916 6.64367 
0.50000 3 0.33613 0.02169 0.77115 0.00800 0.00000 0.00000 0.00800 1 13.62080 4.89249 
0.50000 1 0.69962 0.91826 0.03973 0.01000 0.00000 0.00000 0.01000 1 13.00713 6.23054 
0.50000 2 0.96404 0.60654 0.60395 0.01000 0.00000 0.00000 0.01000 1 11.89542 6.58482 
0.50000 3 0.33613 0.02169 0.77115 0.00800 0.00000 0.00000 0.00800 1 14.20019 5.00597 
0.50000 1 0.69962 0.91826 0.03973 0.01000 0.00000 0.00000 0.01000 1 13.39389 6.45652 
0.50000 2 0.96404 0.60654 0.60395 0.01000 0.00000 0.00000 0.01000 1 12.06640 7.02760 
0.50000 3 0.33613 0.02169 0.77115 0.00800 0.00000 0.00000 0.00800 1 14.63981 5.03770 
0.50000 1 0.69962 0.91826 0.03973 0.01000 0.00000 0.00000 0.01000 1 13.86184 6.40403 
0.50000 2 0.96404 0.60654 0.60395 0.01000 0.00000 0.00000 0.01000 1 12.43403 6.94758 
0.50000 3 0.33613 0.02169 0.77115 0.00800 0.00000 0.00000 0.00800 1 15.17486 5.23657 
0.50000 1 0.69962 0.91826 0.03973 0.01000 0.00000 0.00000 0.01000 1 14.25455 6.13190 
0.50000 2 0.96404 0.60654 0.60395 0.01000 0.00000 0.00000 0.01000 1 12.98155 7.05368 
0.50000 3 0.33613 0.02169 0.77115 0.00800 0.00000 0.00000 0.00800 0 0.00000 0.00000 
0.50000 1 0.69962 0.91826 0.03973 0.01000 0.00000 0.00000 0.01000 1 14.65618 6.18506 
0.50000 2 0.96404 0.60654 0.60395 0.01000 0.00000 0.00000 0.01000 1 13.36866 7.24806 
0.50000 3 0.33613 0.02169 0.77115 0.00800 0.00000 0.00000 0.00800 1 16.25226 5.35353 
0.50000 1 0.69962 0.91826 0.03973 0.01000 0.00000 0.00000 0.01000 1 15.20851 6.30811 
0.50000 2 0.96404 0.60654 0.60395 0.01000 0.00000 0.00000 0.01000 1 13.45243 7.19987 
0.50000 3 0.33613 0.02169 0.77115 0.00800 0.00000 0.00000 0.00800 0 0.00000 0.00000 
0.50000 1 0.69962 0.91826 0.03973 0.01000 0.00000 0.00000 0.01000 1 15.61295 5.99008 
0.50000 2 0.96404 0.60654 0.60395 0.01000 0.00000 0.00000 0.01000 1 13.95767 7.55474 
0.50000 3 0.33613 0.02169 0.77115 0.00800 0.00000 0.00000 0.00800 1 17.14329 5.26278 
0.50000 1 0.69962 0.91826 0.03973 0.01000 0.00000 0.00000 0.01000 1 16.29409 6.09991 
0.50000 2 0.96404 0.60654 0.60395 0.01000 0.00000 0.00000 0.01000 1 14.45329 7.69333 
0.50000 3 0.33613 0.02169 0.77115 0.00800 0.00000 0.00000 0.00800 1 17.88777 5.52029 
0.50000 1 0.69962 0.91826 0.03973 0.01000 0.00000 0.00000 0.01000 1 16.64749 6.08938 
0.50000 2 0.96404 0.60654 0.60395 0.01000 0.00000 0.00000 0.01000 1 14.80598 7.51276 
0.50000 3 0.33613 0.02169 0.77115 0.00800 0.00000 0.00000 0.00800 1 18.20754 5.57363 
0.50000 1 0.69962 0.91826 0.03973 0.01000 0.00000 0.00000 0.01000 1 16.96214 6.13622 
0.50000 2 0.96404 0.60654 0.60395 0.01000 0.00000 0.00000 0.01000 1 15.34808 7.85986 
0.50000 3 0.33613 0.02169 0.77115 0.00800 0.00000 0.00000 0.00800 1 18.61804 5.47127 
