0.20000 1 0.95789 0.53317 0.69188 0.01000 0.00000 0.00000 0.01000 0 0.00000 0.00000 
0.20000 2 0.14673 0.58931 0.69976 0.01000 0.00000 0.00000 0.01000 1 0.00165 -2.01882 
0.20000 3 0.05091 0.23507 0.06334 0.01000 0.00000 0.00000 0.01000 0 0.00000 0.00000 
0.20000 1 0.95789 0.53317 0.69188 0.01000 0.00000 0.00000 0.01000 0 0.00000 0.00000 
0.20000 2 0.14673 0.58931 0.69976 0.01000 0.00000 0.00000 0.01000 1 -0.09652 -1.86016 
0.20000 3 0.05091 0.23507 0.06334 0.01000 0.00000 0.00000 0.01000 0 0.00000 0.00000 
0.20000 1 0.95789 0.53317 0.69188 0.01000 0.00000 0.00000 0.01000 0 0.00000 0.00000 
0.20000 2 0.14673 0.58931 0.69976 0.01000 0.00000 0.00000 0.01000 1 -0.20933 -1.79296 
0.20000 3 0.05091 0.23507 0.06334 0.01000 0.00000 0.00000 0.01000 0 0.00000 0.00000 
0.20000 1 0.95789 0.53317 0.69188 0.01000 0.00000 0.00000 0.01000 0 0.00000 0.00000 
0.20000 2 0.14673 0.58931 0.69976 0.01000 0.00000 0.00000 0.01000 1 -0.37373 -1.64050 
0.20000 3 0.05091 0.23507 0.06334 0.01000 0.00000 0.00000 0.01000 1 1.97970 1.95387 
0.20000 1 0.95789 0.53317 0.69188 0.01000 0.00000 0.00000 0.01000 0 0.00000 0.00000 
0.20000 2 0.14673 0.58931 0.69976 0.01000 0.00000 0.00000 0.01000 1 -0.39932 -1.52438 
0.20000 3 0.05091 0.23507 0.06334 0.01000 0.00000 0.00000 0.01000 1 1.81194 2.02905 
0.20000 1 0.95789 0.53317 0.69188 0.01000 0.00000 0.00000 0.01000 1 -4.00654 -2.97443 
0.20000 2 0.14673 0.58931 0.69976 0.01000 0.00000 0.00000 0.01000 1 -0.54563 -1.44696 
0.20000 3 0.05091 0.23507 0.06334 0.01000 0.00000 0.00000 0.01000 1 1.55972 2.03700 
0.20000 1 0.95789 0.53317 0.69188 0.01000 0.00000 0.00000 0.01000 1 -3.83261 -2.78952 
0.20000 2 0.14673 0.58931 0.69976 0.01000 0.00000 0.00000 0.01000 1 -0.64977 -1.32997 
0.20000 3 0.05091 0.23507 0.06334 0.01000 0.00000 0.00000 0.01000 1 1.38725 2.05976 
0.20000 1 0.95789 0.53317 0.69188 0.01000 0.00000 0.00000 0.01000 1 -3.83065 -2.56211 
0.20000 2 0.14673 0.58931 0.69976 0.01000 0.00000 0.00000 0.01000 1 -0.77789 -1.18392 
0.20000 3 0.05091 0.23507 0.06334 0.01000 0.00000 0.00000 0.01000 1 1.20029 1.99297 
0.20000 1 0.95789 0.53317 0.69188 0.01000 0.00000 0.00000 0.01000 1 -3.64699 -2.39240 
0.20000 2 0.14673 0.58931 0.69976 0.01000 0.00000 0.00000 0.01000 1 -0.87155 -1.10451 
0.20000 3 0.05091 0.23507 0.06334 0.01000 0.00000 0.00000 0.01000 1 0.99680 2.05015 
0.20000 1 0.95789 0.53317 0.69188 0.01000 0.00000 0.00000 0.01000 1 -3.53018 -2.21236 
0.20000 2 0.14673 0.58931 0.69976 0.01000 0.00000 0.00000 0.01000 1 -1.07292 -0.94940 
0.20000 3 0.05091 0.23507 0.06334 0.01000 0.00000 0.00000 0.01000 1 0.81609 2.03690 
0.20000 1 0.95789 0.53317 0.69188 0.01000 0.00000 0.00000 0.01000 1 -3.41891 -1.94060 
0.20000 2 0.14673 0.58931 0.69976 0.01000 0.00000 0.00000 0.01000 1 -1.16806 -0.85267 
0.20000 3 0.05091 0.23507 0.06334 0.01000 0.00000 0.00000 0.01000 0 0.00000 0.00000 
0.20000 1 0.95789 0.53317 0.69188 0.01000 0.00000 0.00000 0.01000 0 0.00000 0.00000 
0.20000 2 0.14673 0.58931 0.69976 0.01000 0.00000 0.00000 0.01000 1 -1.21834 -0.73621 
0.20000 3 0.05091 0.23507 0.06334 0.01000 0.00000 0.00000 0.01000 1 0.42137 2.09102 
0.20000 1 0.95789 0.53317 0.69188 0.01000 0.00000 0.00000 0.01000 0 0.00000 0.00000 
0.20000 2 0.14673 0.58931 0.69976 0.01000 0.00000 0.00000 0.01000 1 -1.31462 -0.61820 
0.20000 3 0.05091 0.23507 0.06334 0.01000 0.00000 0.00000 0.01000 1 0.24396 2.09792 
0.20000 1 0.95789 0.53317 0.69188 0.01000 0.00000 0.00000 0.01000 0 0.00000 0.00000 
0.20000 2 0.14673 0.58931 0.69976 0.01000 0.00000 0.00000 0.01000 1 -1.37982 -0.43967 
0.20000 3 0.05091 0.23507 0.06334 0.01000 0.00000 0.00000 0.01000 1 0.03613 2.11295 
0.20000 1 0.95789 0.53317 0.69188 0.01000 0.00000 0.00000 0.01000 0 0.00000 0.00000 
0.20000 2 0.14673 0.58931 0.69976 0.01000 0.00000 0.00000 0.01000 1 -1.50509 -0.34463 
0.20000 3 0.05091 0.23507 0.06334 0.01000 0.00000 0.00000 0.01000 1 -0.21173 2.09851 
0.20000 1 0.95789 0.53317 0.69188 0.01000 0.00000 0.00000 0.01000 0 0.00000 0.00000 
0.20000 2 0.14673 0.58931 0.69976 0.01000 0.00000 0.00000 0.01000 1 -1.54514 -0.17630 
0.20000 3 0.05091 0.23507 0.06334 0.01000 0.00000 0.00000 0.01000 1 -0.36753 2.08452 
0.20000 1 0.95789 0.53317 0.69188 0.01000 0.00000 0.00000 0.01000 0 0.00000 0.00000 
0.20000 2 0.14673 0.58931 0.69976 0.01000 0.00000 0.00000 0.01000 1 -1.57907 -0.04613 
0.20000 3 0.05091 0.23507 0.06334 0.01000 0.00000 0.00000 0.01000 1 -0.60801 1.95418 
0.20000 1 0.95789 0.53317 0.69188 0.01000 0.00000 0.00000 0.01000 0 0.00000 0.00000 
0.20000 2 0.14673 0.58931 0.69976 0.01000 0.00000 0.00000 0.01000 1 -1.69568 0.13334 
0.20000 3 0.05091 0.23507 0.06334 0.01000 0.00000 0.00000 0.01000 1 -0.82224 1.93369 
0.20000 1 0.95789 0.53317 0.69188 0.01000 0.00000 0.00000 0.01000 1 -2.39759 -0.28351 
0.20000 2 0.14673 0.58931 0.69976 0.01000 0.00000 0.00000 0.01000 1 -1.71968 0.31918 
0.20000 3 0.05091 0.23507 0.06334 0.01000 0.00000 0.00000 0.01000 1 -0.93059 1.83742 
0.20000 1 0.95789 0.53317 0.69188 0.01000 0.00000 0.00000 0.01000 0 0.00000 0.00000 
0.20000 2 0.14673 0.58931 0.69976 0.01000 0.00000 0.00000 0.01000 1 -1.67846 0.44061 
0.20000 3 0.05091 0.23507 0.06334 0.01000 0.00000 0.00000 0.01000 1 -1.25928 1.82664 
0.20000 1 0.95789 0.53317 0.69188 0.01000 0.00000 0.00000 0.01000 1 -2.20531 0.13663 
0.20000 2 0.14673 0.58931 0.69976 0.01000 0.00000 0.00000 0.01000 1 -1.70015 0.54662 
0.20000 3 0.05091 0.23507 0.06334 0.01000 0.00000 0.00000 0.01000 1 -1.32873 1.84247 
0.20000 1 0.95789 0.53317 0.69188 0.01000 0.00000 0.00000 0.01000 1 -2.07995 0.34437 
0.20000 2 0.14673 0.58931 0.69976 0.01000 0.00000 0.00000 0.01000 1 -1.78992 0.75284 
0.20000 3 0.05091 0.23507 0.06334 0.01000 0.00000 0.00000 0.01000 1 -1.50385 1.76168 
0.20000 1 0.95789 0.53317 0.69188 0.01000 0.00000 0.00000 0.01000 1 -1.98285 0.54801 
0.20000 2 0.14673 0.58931 0.69976 0.01000 0.00000 0.00000 0.01000 1 -1.69848 0.90456 
0.20000 3 0.05091 0.23507 0.06334 0.01000 0.00000 0.00000 0.01000 1 -1.79542 1.67908 
0.20000 1 0.95789 0.53317 0.69188 0.01000 0.00000 0.00000 0.01000 1 -1.82222 0.75829 
0.20000 2 0.14673 0.58931 0.69976 0.01000 0.00000 0.00000 0.01000 1 -1.71036 1.04176 
0.20000 3 0.05091 0.23507 0.06334 0.01000 0.00000 0.00000 0.01000 1 -1.96409 1.66598 
0.20000 1 0.95789 0.53317 0.69188 0.01000 0.00000 0.00000 0.01000 0 0.00000 0.00000 
0.20000 2 0.14673 0.58931 0.69976 0.01000 0.00000 0.00000 0.01000 1 -1.78325 1.20567 
0.20000 3 0.05091 0.23507 0.06334 0.01000 0.00000 0.00000 0.01000 1 -2.14429 1.60767 
0.20000 1 0.95789 0.53317 0.69188 0.01000 0.00000 0.00000 0.01000 1 -1.59959 1.19150 
0.20000 2 0.14673 0.58931 0.69976 0.01000 0.00000 0.00000 0.01000 1 -1.79623 1.33058 
0.20000 3 0.05091 0.23507 0.06334 0.01000 0.00000 0.00000 0.01000 1 -2.29880 1.53194 
0.20000 1 0.95789 0.53317 0.69188 0.01000 0.00000 0.00000 0.01000 0 0.00000 0.00000 
0.20000 2 0.14673 0.58931 0.69976 0.01000 0.00000 0.00000 0.01000 1 -1.85037 1.50033 
0.20000 3 0.05091 0.23507 0.06334 0.01000 0.00000 0.00000 0.01000 1 -2.50479 1.43644 
0.20000 1 0.95789 0.53317 0.69188 0.01000 0.00000 0.00000 0.01000 0 0.00000 0.00000 
0.20000 2 0.14673 0.58931 0.69976 0.01000 0.00000 0.00000 0.01000 1 -1.99368 1.65540 
0.20000 3 0.05091 0.23507 0.06334 0.01000 0.00000 0.00000 0.01000 1 -2.69376 1.37843 
0.20000 1 0.95789 0.53317 0.69188 0.01000 0.00000 0.00000 0.01000 1 -1.24370 1.81914 
0.20000 2 0.14673 0.58931 0.69976 0.01000 0.00000 0.00000 0.01000 1 -2.00027 1.83936 
0.20000 3 0.05091 0.23507 0.06334 0.01000 0.00000 0.00000 0.01000 1 -2.88402 1.31099 
0.20000 1 0.95789 0.53317 0.69188 0.01000 0.00000 0.00000 0.01000 1 -1.06263 1.94815 
0.20000 2 0.14673 0.58931 0.69976 0.01000 0.00000 0.00000 0.01000 1 -2.08752 2.00854 
0.20000 3 0.05091 0.23507 0.06334 0.01000 0.00000 0.00000 0.01000 1 -3.06111 1.16211 
0.20000 1 0.95789 0.53317 0.69188 0.01000 0.00000 0.00000 0.01000 1 -1.01306 2.22695 
0.20000 2 0.14673 0.58931 0.69976 0.01000 0.00000 0.00000 0.01000 1 -2.12382 2.08446 
0.20000 3 0.05091 0.23507 0.06334 0.01000 0.00000 0.00000 0.01000 1 -3.23541 1.11767 
0.20000 1 0.95789 0.53317 0.69188 0.01000 0.00000 0.00000 0.01000 1 -0.92473 2.39523 
0.20000 2 0.14673 0.58931 0.69976 0.01000 0.00000 0.00000 0.01000 1 -2.25132 2.19637 
0.20000 3 0.05091 0.23507 0.06334 0.01000 0.00000 0.00000 0.01000 1 -3.46858 1.02880 
0.20000 1 0.95789 0.53317 0.69188 0.01000 0.00000 0.00000 0.01000 1 -0.75619 2.57151 
0.20000 2 0.14673 0.58931 0.69976 0.01000 0.00000 0.00000 0.01000 1 -2.29978 2.39243 
0.20000 3 0.05091 0.23507 0.06334 0.01000 0.00000 0.00000 0.01000 1 -3.64482 1.00614 
0.20000 1 0.95789 0.53317 0.69188 0.01000 0.00000 0.00000 0.01000 1 -0.67176 2.84328 
0.20000 2 0.14673 0.58931 0.69976 0.01000 0.00000 0.00000 0.01000 1 -2.27583 2.55133 
0.20000 3 0.05091 0.23507 0.06334 0.01000 0.00000 0.00000 0.01000 1 -3.80510 0.97282 
0.20000 1 0.95789 0.53317 0.69188 0.01000 0.00000 0.00000 0.01000 1 -0.50582 3.04454 
0.20000 2 0.14673 0.58931 0.69976 0.01000 0.00000 0.00000 0.01000 1 -2.30055 2.66547 
0.20000 3 0.05091 0.23507 0.06334 0.01000 0.00000 0.00000 0.01000 1 -3.97366 0.86889 
0.20000 1 0.95789 0.53317 0.69188 0.01000 0.00000 0.00000 0.01000 1 -0.42601 3.19385 
0.20000 2 0.14673 0.58931 0.69976 0.01000 0.00000 0.00000 0.01000 1 -2.13731 2.77981 
0.20000 3 0.05091 0.23507 0.06334 0.01000 0.00000 0.00000 0.01000 1 -4.25264 0.85906 
0.20000 1 0.95789 0.53317 0.69188 0.01000 0.00000 0.00000 0.01000 1 -0.24080 3.47741 
0.20000 2 0.14673 0.58931 0.69976 0.01000 0.00000 0.00000 0.01000 1 -2.05307 2.93934 
0.20000 3 0.05091 0.23507 0.06334 0.01000 0.00000 0.00000 0.01000 1 -4.36454 0.78282 
0.20000 1 0.95789 0.53317 0.69188 0.01000 0.00000 0.00000 0.01000 1 -0.14259 3.71457 
0.20000 2 0.14673 0.58931 0.69976 0.01000 0.00000 0.00000 0.01000 1 -1.92724 2.95049 
0.20000 3 0.05091 0.23507 0.06334 0.01000 0.00000 0.00000 0.01000 1 -4.59708 0.65911 
0.20000 1 0.95789 0.53317 0.69188 0.01000 0.00000 0.00000 0.01000 1 -0.00305 3.87213 
0.20000 2 0.14673 0.58931 0.69976 0.01000 0.00000 0.00000 0.01000 1 -1.82768 2.93196 
0.20000 3 0.05091 0.23507 0.06334 0.01000 0.00000 0.00000 0.01000 1 -4.76614 0.59676 
0.20000 1 0.95789 0.53317 0.69188 0.01000 0.00000 0.00000 0.01000 1 0.08239 4.06685 
0.20000 2 0.14673 0.58931 0.69976 0.01000 0.00000 0.00000 0.01000 1 -1.63779 2.86768 
0.20000 3 0.05091 0.23507 0.06334 0.01000 0.00000 0.00000 0.01000 1 -4.93643 0.53225 
0.20000 1 0.95789 0.53317 0.69188 0.01000 0.00000 0.00000 0.01000 1 0.22540 4.33631 
0.20000 2 0.14673 0.58931 0.69976 0.01000 0.00000 0.00000 0.01000 1 -1.52954 2.74509 
0.20000 3 0.05091 0.23507 0.06334 0.01000 0.00000 0.00000 0.01000 1 -5.13655 0.50506 
0.20000 1 0.95789 0.53317 0.69188 0.01000 0.00000 0.00000 0.01000 1 0.31331 4.46717 
0.20000 2 0.14673 0.58931 0.69976 0.01000 0.00000 0.00000 0.01000 1 -1.44250 2.59248 
0.20000 3 0.05091 0.23507 0.06334 0.01000 0.00000 0.00000 0.01000 1 -5.30766 0.37596 
0.20000 1 0.95789 0.53317 0.69188 0.01000 0.00000 0.00000 0.01000 1 0.48558 4.71417 
0.20000 2 0.14673 0.58931 0.69976 0.01000 0.00000 0.00000 0.01000 1 -1.41478 2.50396 
0.20000 3 0.05091 0.23507 0.06334 0.01000 0.00000 0.00000 0.01000 1 -5.47101 0.31385 
0.20000 1 0.95789 0.53317 0.69188 0.01000 0.00000 0.00000 0.01000 1 0.57298 4.84129 
0.20000 2 0.14673 0.58931 0.69976 0.01000 0.00000 0.00000 0.01000 1 -1.37661 2.31138 
0.20000 3 0.05091 0.23507 0.06334 0.01000 0.00000 0.00000 0.01000 1 -5.68619 0.25924 
0.20000 1 0.95789 0.53317 0.69188 0.01000 0.00000 0.00000 0.01000 1 0.68209 5.12013 
0.20000 2 0.14673 0.58931 0.69976 0.01000 0.00000 0.00000 0.01000 1 -1.37653 2.11569 
0.20000 3 0.05091 0.23507 0.06334 0.01000 0.00000 0.00000 0.01000 1 -5.89930 0.23536 
0.20000 1 0.95789 0.53317 0.69188 0.01000 0.00000 0.00000 0.01000 1 0.80344 5.35134 
0.20000 2 0.14673 0.58931 0.69976 0.01000 0.00000 0.00000 0.01000 1 -1.32293 1.99275 
0.20000 3 0.05091 0.23507 0.06334 0.01000 0.00000 0.00000 0.01000 1 -6.04048 0.19416 
0.20000 1 0.95789 0.53317 0.69188 0.01000 0.00000 0.00000 0.01000 1 0.90597 5.52829 
0.20000 2 0.14673 0.58931 0.69976 0.01000 0.00000 0.00000 0.01000 1 -1.33323 1.87771 
0.20000 3 0.05091 0.23507 0.06334 0.01000 0.00000 0.00000 0.01000 1 -6.30191 0.06115 
0.20000 1 0.95789 0.53317 0.69188 0.01000 0.00000 0.00000 0.01000 1 0.99177 5.73576 
0.20000 2 0.14673 0.58931 0.69976 0.01000 0.00000 0.00000 0.01000 1 -1.34675 1.69183 
0.20000 3 0.05091 0.23507 0.06334 0.01000 0.00000 0.00000 0.01000 1 -6.43763 -0.01793 
0.20000 1 0.95789 0.53317 0.69188 0.01000 0.00000 0.00000 0.01000 1 0.99560 6.01152 
0.20000 2 0.14673 0.58931 0.69976 0.01000 0.00000 0.00000 0.01000 1 -1.35260 1.49807 
0.20000 3 0.05091 0.23507 0.06334 0.01000 0.00000 0.00000 0.01000 1 -6.65343 -0.07273 
0.20000 1 0.95789 0.53317 0.69188 0.01000 0.00000 0.00000 0.01000 1 1.11674 6.18379 
0.20000 2 0.14673 0.58931 0.69976 0.01000 0.00000 0.00000 0.01000 1 -1.49464 1.40128 
0.20000 3 0.05091 0.23507 0.06334 0.01000 0.00000 0.00000 0.01000 1 -6.77735 -0.20071 
0.20000 1 0.95789 0.53317 0.69188 0.01000 0.00000 0.00000 0.01000 1 1.10692 6.43028 
0.20000 2 0.14673 0.58931 0.69976 0.01000 0.00000 0.00000 0.01000 1 -1.58253 1.27965 
0.20000 3 0.05091 0.23507 0.06334 0.01000 0.00000 0.00000 0.01000 1 -6.96058 -0.22653 
0.20000 1 0.95789 0.53317 0.69188 0.01000 0.00000 0.00000 0.01000 1 1.08204 6.59255 
0.20000 2 0.14673 0.58931 0.69976 0.01000 0.00000 0.00000 0.01000 1 -1.69181 1.16758 
0.20000 3 0.05091 0.23507 0.06334 0.01000 0.00000 0.00000 0.01000 1 -7.18384 -0.34890 
0.20000 1 0.95789 0.53317 0.69188 0.01000 0.00000 0.00000 0.01000 1 1.04123 6.96679 
0.20000 2 0.14673 0.58931 0.69976 0.01000 0.00000 0.00000 0.01000 1 -1.84070 1.04157 
0.20000 3 0.05091 0.23507 0.06334 0.01000 0.00000 0.00000 0.01000 1 -7.29583 -0.40910 
0.20000 1 0.95789 0.53317 0.69188 0.01000 0.00000 0.00000 0.01000 1 1.08742 7.18575 
0.20000 2 0.14673 0.58931 0.69976 0.01000 0.00000 0.00000 0.01000 1 -1.90823 0.94655 
0.20000 3 0.05091 0.23507 0.06334 0.01000 0.00000 0.00000 0.01000 1 -7.50862 -0.55062 
0.20000 1 0.95789 0.53317 0.69188 0.01000 0.00000 0.00000 0.01000 1 0.94392 7.38089 
0.20000 2 0.14673 0.58931 0.69976 0.01000 0.00000 0.00000 0.01000 1 -2.02650 0.77139 
0.20000 3 0.05091 0.23507 0.06334 0.01000 0.00000 0.00000 0.01000 1 -7.70703 -0.64303 
0.20000 1 0.95789 0.53317 0.69188 0.01000 0.00000 0.00000 0.01000 1 0.77517 7.59605 
0.20000 2 0.14673 0.58931 0.69976 0.01000 0.00000 0.00000 0.01000 1 -2.16106 0.73675 
0.20000 3 0.05091 0.23507 0.06334 0.01000 0.00000 0.00000 0.01000 1 -7.89443 -0.72473 
0.20000 1 0.95789 0.53317 0.69188 0.01000 0.00000 0.00000 0.01000 1 0.75976 7.81804 
0.20000 2 0.14673 0.58931 0.69976 0.01000 0.00000 0.00000 0.01000 1 -2.21864 0.56071 
0.20000 3 0.05091 0.23507 0.06334 0.01000 0.00000 0.00000 0.01000 1 -8.07140 -0.80629 
0.20000 1 0.95789 0.53317 0.69188 0.01000 0.00000 0.00000 0.01000 1 0.68457 8.07610 
0.20000 2 0.14673 0.58931 0.69976 0.01000 0.00000 0.00000 0.01000 1 -2.32110 0.43564 
0.20000 3 0.05091 0.23507 0.06334 0.01000 0.00000 0.00000 0.01000 1 -8.26319 -0.92569 
0.20000 1 0.95789 0.53317 0.69188 0.01000 0.00000 0.00000 0.01000 1 0.54747 8.26844 
0.20000 2 0.14673 0.58931 0.69976 0.01000 0.00000 0.00000 0.01000 1 -2.47525 0.33586 
0.20000 3 0.05091 0.23507 0.06334 0.01000 0.00000 0.00000 0.01000 1 -8.42710 -1.03958 
0.20000 1 0.95789 0.53317 0.69188 0.01000 0.00000 0.00000 0.01000 1 0.48039 8.56486 
0.20000 2 0.14673 0.58931 0.69976 0.01000 0.00000 0.00000 0.01000 1 -2.57514 0.24682 
0.20000 3 0.05091 0.23507 0.06334 0.01000 0.00000 0.00000 0.01000 1 -8.57792 -1.12717 
0.20000 1 0.95789 0.53317 0.69188 0.01000 0.00000 0.00000 0.01000 1 0.40300 8.74033 
0.20000 2 0.14673 0.58931 0.69976 0.01000 0.00000 0.00000 0.01000 1 -2.75124 0.11013 
0.20000 3 0.05091 0.23507 0.06334 0.01000 0.00000 0.00000 0.01000 1 -8.73969 -1.16736 
0.20000 1 0.95789 0.53317 0.69188 0.01000 0.00000 0.00000 0.01000 1 0.30623 8.95500 
0.20000 2 0.14673 0.58931 0.69976 0.01000 0.00000 0.00000 0.01000 1 -2.83771 0.00184 
0.20000 3 0.05091 0.23507 0.06334 0.01000 0.00000 0.00000 0.01000 1 -8.90393 -1.36622 
0.20000 1 0.95789 0.53317 0.69188 0.01000 0.00000 0.00000 0.01000 1 0.21882 9.17483 
0.20000 2 0.14673 0.58931 0.69976 0.01000 0.00000 0.00000 0.01000 1 -2.97479 -0.10118 
0.20000 3 0.05091 0.23507 0.06334 0.01000 0.00000 0.00000 0.01000 1 -9.09357 -1.51857 
0.20000 1 0.95789 0.53317 0.69188 0.01000 0.00000 0.00000 0.01000 1 0.06263 9.37941 
0.20000 2 0.14673 0.58931 0.69976 0.01000 0.00000 0.00000 0.01000 1 -3.03596 -0.17072 
0.20000 3 0.05091 0.23507 0.06334 0.01000 0.00000 0.00000 0.01000 1 -9.13743 -1.63685 
0.20000 1 0.95789 0.53317 0.69188 0.01000 0.00000 0.00000 0.01000 0 0.00000 0.00000 
0.20000 2 0.14673 0.58931 0.69976 0.01000 0.00000 0.00000 0.01000 1 -3.09197 -0.34769 
0.20000 3 0.05091 0.23507 0.06334 0.01000 0.00000 0.00000 0.01000 1 -9.32974 -1.69737 
0.20000 1 0.95789 0.53317 0.69188 0.01000 0.00000 0.00000 0.01000 1 -0.12020 9.77700 
0.20000 2 0.14673 0.58931 0.69976 0.01000 0.00000 0.00000 0.01000 1 -3.24829 -0.47638 
0.20000 3 0.05091 0.23507 0.06334 0.01000 0.00000 0.00000 0.01000 1 -9.52786 -1.88557 
0.20000 1 0.95789 0.53317 0.69188 0.01000 0.00000 0.00000 0.01000 1 -0.21026 10.06534 
0.20000 2 0.14673 0.58931 0.69976 0.01000 0.00000 0.00000 0.01000 1 -3.34942 -0.55123 
0.20000 3 0.05091 0.23507 0.06334 0.01000 0.00000 0.00000 0.01000 1 -9.60641 -1.97307 
0.20000 1 0.95789 0.53317 0.69188 0.01000 0.00000 0.00000 0.01000 1 -0.37894 10.22626 
0.20000 2 0.14673 0.58931 0.69976 0.01000 0.00000 0.00000 0.01000 1 -3.45198 -0.70518 
0.20000 3 0.05091 0.23507 0.06334 0.01000 0.00000 0.00000 0.01000 1 -9.77551 -2.19114 
0.20000 1 0.95789 0.53317 0.69188 0.01000 0.00000 0.00000 0.01000 1 -0.46925 10.36837 
0.20000 2 0.14673 0.58931 0.69976 0.01000 0.00000 0.00000 0.01000 1 -3.54812 -0.77094 
0.20000 3 0.05091 0.23507 0.06334 0.01000 0.00000 0.00000 0.01000 1 -9.88641 -2.29491 
0.20000 1 0.95789 0.53317 0.69188 0.01000 0.00000 0.00000 0.01000 1 -0.65972 10.64132 
0.20000 2 0.14673 0.58931 0.69976 0.01000 0.00000 0.00000 0.01000 1 -3.70138 -0.97937 
0.20000 3 0.05091 0.23507 0.06334 0.01000 0.00000 0.00000 0.01000 1 -9.97967 -2.44828 
0.20000 1 0.95789 0.53317 0.69188 0.01000 0.00000 0.00000 0.01000 1 -0.86997 10.69448 
0.20000 2 0.14673 0.58931 0.69976 0.01000 0.00000 0.00000 0.01000 1 -3.75344 -1.03317 
0.20000 3 0.05091 0.23507 0.06334 0.01000 0.00000 0.00000 0.01000 1 -10.17753 -2.58197 
0.20000 1 0.95789 0.53317 0.69188 0.01000 0.00000 0.00000 0.01000 0 0.00000 0.00000 
0.20000 2 0.14673 0.58931 0.69976 0.01000 0.00000 0.00000 0.01000 1 -3.89176 -1.16336 
0.20000 3 0.05091 0.23507 0.06334 0.01000 0.00000 0.00000 0.01000 1 -10.31956 -2.76512 
0.20000 1 0.95789 0.53317 0.69188 0.01000 0.00000 0.00000 0.01000 1 -1.25622 11.01323 
0.20000 2 0.14673 0.58931 0.69976 0.01000 0.00000 0.00000 0.01000 1 -4.06277 -1.26413 
0.20000 3 0.05091 0.23507 0.06334 0.01000 0.00000 0.00000 0.01000 1 -10.46454 -2.87714 
0.20000 1 0.95789 0.53317 0.69188 0.01000 0.00000 0.00000 0.01000 1 -1.43819 11.13571 
0.20000 2 0.14673 0.58931 0.69976 0.01000 0.00000 0.00000 0.01000 1 -4.12887 -1.39157 
0.20000 3 0.05091 0.23507 0.06334 0.01000 0.00000 0.00000 0.01000 1 -10.66546 -2.93140 
0.20000 1 0.95789 0.53317 0.69188 0.01000 0.00000 0.00000 0.01000 1 -1.69160 11.21572 
0.20000 2 0.14673 0.58931 0.69976 0.01000 0.00000 0.00000 0.01000 1 -4.27273 -1.49727 
0.20000 3 0.05091 0.23507 0.06334 0.01000 0.00000 0.00000 0.01000 1 -10.81339 -3.05553 
0.20000 1 0.95789 0.53317 0.69188 0.01000 0.00000 0.00000 0.01000 1 -1.88472 11.34503 
0.20000 2 0.14673 0.58931 0.69976 0.01000 0.00000 0.00000 0.01000 1 -4.30460 -1.63044 
0.20000 3 0.05091 0.23507 0.06334 0.01000 0.00000 0.00000 0.01000 1 -10.98148 -3.20680 
0.20000 1 0.95789 0.53317 0.69188 0.01000 0.00000 0.00000 0.01000 1 -2.11053 11.37497 
0.20000 2 0.14673 0.58931 0.69976 0.01000 0.00000 0.00000 0.01000 1 -4.46776 -1.70564 
0.20000 3 0.05091 0.23507 0.06334 0.01000 0.00000 0.00000 0.01000 0 0.00000 0.00000 
0.20000 1 0.95789 0.53317 0.69188 0.01000 0.00000 0.00000 0.01000 0 0.00000 0.00000 
0.20000 2 0.14673 0.58931 0.69976 0.01000 0.00000 0.00000 0.01000 1 -4.58877 -1.85350 
0.20000 3 0.05091 0.23507 0.06334 0.01000 0.00000 0.00000 0.01000 1 -11.35729 -3.37723 
0.20000 1 0.95789 0.53317 0.69188 0.01000 0.00000 0.00000 0.01000 1 -2.60045 11.63315 
0.20000 2 0.14673 0.58931 0.69976 0.01000 0.00000 0.00000 0.01000 1 -4.66016 -1.95035 
0.20000 3 0.05091 0.23507 0.06334 0.01000 0.00000 0.00000 0.01000 1 -11.53255 -3.51239 
0.20000 1 0.95789 0.53317 0.69188 0.01000 0.00000 0.00000 0.01000 0 0.00000 0.00000 
0.20000 2 0.14673 0.58931 0.69976 0.01000 0.00000 0.00000 0.01000 1 -4.78814 -2.07008 
0.20000 3 0.05091 0.23507 0.06334 0.01000 0.00000 0.00000 0.01000 1 -11.66905 -3.61627 
0.20000 1 0.95789 0.53317 0.69188 0.01000 0.00000 0.00000 0.01000 0 0.00000 0.00000 
0.20000 2 0.14673 0.58931 0.69976 0.01000 0.00000 0.00000 0.01000 1 -4.94702 -2.23775 
0.20000 3 0.05091 0.23507 0.06334 0.01000 0.00000 0.00000 0.01000 1 -11.86758 -3.67661 
0.20000 1 0.95789 0.53317 0.69188 0.01000 0.00000 0.00000 0.01000 0 0.00000 0.00000 
0.20000 2 0.14673 0.58931 0.69976 0.01000 0.00000 0.00000 0.01000 1 -5.04851 -2.34321 
0.20000 3 0.05091 0.23507 0.06334 0.01000 0.00000 0.00000 0.01000 0 0.00000 0.00000 
0.20000 1 0.95789 0.53317 0.69188 0.01000 0.00000 0.00000 0.01000 0 0.00000 0.00000 
0.20000 2 0.14673 0.58931 0.69976 0.01000 0.00000 0.00000 0.01000 1 -5.17126 -2.35607 
0.20000 3 0.05091 0.23507 0.06334 0.01000 0.00000 0.00000 0.01000 1 -12.20502 -3.86417 
0.20000 1 0.95789 0.53317 0.69188 0.01000 0.00000 0.00000 0.01000 1 -3.73446 12.00651 
0.20000 2 0.14673 0.58931 0.69976 0.01000 0.00000 0.00000 0.01000 1 -5.29423 -2.52489 
0.20000 3 0.05091 0.23507 0.06334 0.01000 0.00000 0.00000 0.01000 0 0.00000 0.00000 
0.20000 1 0.95789 0.53317 0.69188 0.01000 0.00000 0.00000 0.01000 1 -3.97524 12.05882 
0.20000 2 0.14673 0.58931 0.69976 0.01000 0.00000 0.00000 0.01000 1 -5.47645 -2.57134 
0.20000 3 0.05091 0.23507 0.06334 0.01000 0.00000 0.00000 0.01000 1 -12.51894 -4.15226 
0.20000 1 0.95789 0.53317 0.69188 0.01000 0.00000 0.00000 0.01000 1 -4.14127 12.09692 
0.20000 2 0.14673 0.58931 0.69976 0.01000 0.00000 0.00000 0.01000 1 -5.59127 -2.59810 
0.20000 3 0.05091 0.23507 0.06334 0.01000 0.00000 0.00000 0.01000 1 -12.63731 -4.21314 
0.20000 1 0.95789 0.53317 0.69188 0.01000 0.00000 0.00000 0.01000 1 -4.36724 12.20002 
0.20000 2 0.14673 0.58931 0.69976 0.01000 0.00000 0.00000 0.01000 1 -5.80262 -2.67737 
0.20000 3 0.05091 0.23507 0.06334 0.01000 0.00000 0.00000 0.01000 1 -12.82740 -4.33246 
0.20000 1 0.95789 0.53317 0.69188 0.01000 0.00000 0.00000 0.01000 1 -4.57960 12.24401 
0.20000 2 0.14673 0.58931 0.69976 0.01000 0.00000 0.00000 0.01000 1 -5.89616 -2.58022 
0.20000 3 0.05091 0.23507 0.06334 0.01000 0.00000 0.00000 0.01000 1 -13.03962 -4.45948 
0.20000 1 0.95789 0.53317 0.69188 0.01000 0.00000 0.00000 0.01000 1 -4.88630 12.42429 
0.20000 2 0.14673 0.58931 0.69976 0.01000 0.00000 0.00000 0.01000 1 -6.08627 -2.61697 
0.20000 3 0.05091 0.23507 0.06334 0.01000 0.00000 0.00000 0.01000 1 -13.18311 -4.56220 
0.20000 1 0.95789 0.53317 0.69188 0.01000 0.00000 0.00000 0.01000 1 -5.08607 12.42478 
0.20000 2 0.14673 0.58931 0.69976 0.01000 0.00000 0.00000 0.01000 1 -6.22572 -2.55610 
0.20000 3 0.05091 0.23507 0.06334 0.01000 0.00000 0.00000 0.01000 1 -13.33666 -4.65186 
0.20000 1 0.95789 0.53317 0.69188 0.01000 0.00000 0.00000 0.01000 1 -5.32003 12.56666 
0.20000 2 0.14673 0.58931 0.69976 0.01000 0.00000 0.00000 0.01000 1 -6.34727 -2.56443 
0.20000 3 0.05091 0.23507 0.06334 0.01000 0.00000 0.00000 0.01000 1 -13.50091 -4.76712 
0.20000 1 0.95789 0.53317 0.69188 0.01000 0.00000 0.00000 0.01000 1 -5.48657 12.60979 
0.20000 2 0.14673 0.58931 0.69976 0.01000 0.00000 0.00000 0.01000 1 -6.54514 -2.48687 
0.20000 3 0.05091 0.23507 0.06334 0.01000 0.00000 0.00000 0.01000 0 0.00000 0.00000 
0.20000 1 0.95789 0.53317 0.69188 0.01000 0.00000 0.00000 0.01000 1 -5.73687 12.73616 
0.20000 2 0.14673 0.58931 0.69976 0.01000 0.00000 0.00000 0.01000 1 -6.72321 -2.42024 
0.20000 3 0.05091 0.23507 0.06334 0.01000 0.00000 0.00000 0.01000 1 -13.84853 -5.06783 
0.20000 1 0.95789 0.53317 0.69188 0.01000 0.00000 0.00000 0.01000 1 -6.00741 12.77283 
0.20000 2 0.14673 0.58931 0.69976 0.01000 0.00000 0.00000 0.01000 1 -6.79540 -2.35936 
0.20000 3 0.05091 0.23507 0.06334 0.01000 0.00000 0.00000 0.01000 1 -13.87564 -5.23216 
0.20000 1 0.95789 0.53317 0.69188 0.01000 0.00000 0.00000 0.01000 1 -6.20322 12.80655 
0.20000 2 0.14673 0.58931 0.69976 0.01000 0.00000 0.00000 0.01000 1 -7.02843 -2.28321 
0.20000 3 0.05091 0.23507 0.06334 0.01000 0.00000 0.00000 0.01000 1 -14.10053 -5.34559 
0.20000 1 0.95789 0.53317 0.69188 0.01000 0.00000 0.00000 0.01000 0 0.00000 0.00000 
0.20000 2 0.14673 0.58931 0.69976 0.01000 0.00000 0.00000 0.01000 1 -7.11581 -2.29945 
0.20000 3 0.05091 0.23507 0.06334 0.01000 0.00000 0.00000 0.01000 1 -14.27934 -5.51045 
0.20000 1 0.95789 0.53317 0.69188 0.01000 0.00000 0.00000 0.01000 1 -6.65800 13.01249 
0.20000 2 0.14673 0.58931 0.69976 0.01000 0.00000 0.00000 0.01000 1 -7.25491 -2.25129 
0.20000 3 0.05091 0.23507 0.06334 0.01000 0.00000 0.00000 0.01000 1 -14.33848 -5.64459 
0.20000 1 0.95789 0.53317 0.69188 0.01000 0.00000 0.00000 0.01000 1 -6.81352 13.07901 
0.20000 2 0.14673 0.58931 0.69976 0.01000 0.00000 0.00000 0.01000 1 -7.50253 -2.17173 
0.20000 3 0.05091 0.23507 0.06334 0.01000 0.00000 0.00000 0.01000 1 -14.51089 -5.69991 
0.20000 1 0.95789 0.53317 0.69188 0.01000 0.00000 0.00000 0.01000 0 0.00000 0.00000 
0.20000 2 0.14673 0.58931 0.69976 0.01000 0.00000 0.00000 0.01000 1 -7.62948 -2.19025 
0.20000 3 0.05091 0.23507 0.06334 0.01000 0.00000 0.00000 0.01000 1 -14.66767 -5.89112 
0.20000 1 0.95789 0.53317 0.69188 0.01000 0.00000 0.00000 0.01000 1 -7.24300 13.22953 
0.20000 2 0.14673 0.58931 0.69976 0.01000 0.00000 0.00000 0.01000 1 -7.78409 -2.05587 
0.20000 3 0.05091 0.23507 0.06334 0.01000 0.00000 0.00000 0.01000 1 -14.85087 -5.96345 
0.20000 1 0.95789 0.53317 0.69188 0.01000 0.00000 0.00000 0.01000 1 -7.50721 13.32963 
0.20000 2 0.14673 0.58931 0.69976 0.01000 0.00000 0.00000 0.01000 1 -7.93105 -2.07548 
0.20000 3 0.05091 0.23507 0.06334 0.01000 0.00000 0.00000 0.01000 0 0.00000 0.00000 
